9378
1 1 1 1 0 0 1 1 1 1 
8 2 1 6 3 8 2 7 2 1 9 0 3 2 8 3 2 0 9 7 3 7 6 7 2 6 1 6 0 1 2 6 0 3 9 9 7 3 0 2 3 8 1 6 7 0 2 0 2 0 
8754
1 1 1 1 1 1 0 0 1 0 
8 2 1 2 3 8 2 4 4 1 4 8 3 2 0 3 4 0 5 2 3 2 5 4 5 5 1 5 0 1 2 5 0 3 4 4 4 3 0 4 3 8 1 5 4 0 4 0 4 0 
10284
1 1 1 1 0 0 1 1 1 1 
8 2 1 6 3 8 2 9 2 1 9 8 3 2 7 3 2 0 9 7 3 0 6 7 2 6 1 6 0 1 2 6 0 3 9 9 7 3 0 2 3 8 1 6 7 0 2 0 7 0 
11484
1 0 1 1 1 0 1 1 1 0 
2 8 6 6 3 8 2 4 4 2 4 8 0 2 8 3 4 0 6 7 3 4 6 4 2 6 3 6 0 3 2 6 0 3 4 4 4 3 0 4 2 8 3 6 7 0 2 0 4 0 
9793
1 1 1 1 1 0 0 1 1 1 
8 8 1 9 1 8 2 4 4 1 9 8 3 2 8 3 4 0 9 7 3 7 9 4 2 7 1 1 0 1 2 9 0 3 9 4 4 3 8 4 1 8 1 3 7 0 2 0 7 0 
8595
1 1 1 0 1 0 1 1 1 1 
8 7 1 6 1 8 2 4 4 1 9 8 0 2 8 0 4 8 9 7 1 7 9 4 2 6 1 6 8 1 9 6 0 2 9 4 4 0 2 4 1 8 1 6 7 0 9 0 7 0 
10565
1 1 1 1 1 1 1 0 1 0 
8 0 1 5 1 8 2 4 4 1 6 8 3 2 8 3 4 0 6 2 1 8 6 4 2 5 1 5 0 1 6 6 0 3 6 4 4 3 0 4 1 8 1 5 8 0 2 3 8 3 
11660
1 0 1 1 1 1 0 1 1 1 
8 2 5 9 3 8 2 4 4 5 9 8 3 2 8 3 4 0 9 7 3 8 9 4 2 5 3 5 8 5 2 9 0 3 9 4 4 3 0 4 2 8 5 5 7 0 7 0 7 0 
10493
0 1 1 1 1 0 0 0 1 0 
8 8 1 2 1 8 2 4 4 1 4 8 3 2 8 3 4 8 3 4 1 2 3 4 1 2 1 1 8 1 2 1 8 3 4 4 4 3 8 4 1 8 1 2 4 8 2 3 3 3 
8374
1 0 1 1 1 1 1 0 0 0 
0 2 5 6 3 0 2 4 4 5 4 0 3 2 0 3 2 0 6 4 3 2 6 4 2 5 3 5 0 5 2 6 0 3 4 4 4 3 0 4 3 0 3 5 4 0 2 0 4 3 
9028
1 1 1 0 1 0 1 0 1 0 
8 8 1 6 1 8 2 4 4 1 6 8 0 2 8 0 4 0 6 4 1 8 6 4 2 6 1 1 0 1 2 6 0 2 4 4 4 0 0 4 1 8 1 6 4 0 2 0 4 0 
11249
1 1 1 0 1 1 0 0 0 0 
2 2 1 5 1 0 2 4 4 1 2 0 0 2 0 1 4 0 5 4 1 2 5 4 5 5 1 5 0 1 2 5 0 1 4 4 4 1 0 4 1 2 1 5 4 0 2 0 4 0 
8962
0 0 0 0 0 0 0 1 0 1 1 0 0 1 1 0 1 1 0 1 
16 14 10 10 19 13 17 13 14 17 7 19 19 10 13 14 7 7 17 9 14 7 7 19 9 17 16 17 19 17 13 7 13 16 14 10 9 19 19 13 10 16 16 16 9 13 14 10 19 9 
8163
0 0 0 1 0 0 0 1 0 1 1 0 0 1 0 0 1 1 1 0 
16 3 10 10 18 18 17 13 7 17 7 17 18 10 13 3 7 10 17 9 18 18 7 18 9 17 16 3 3 17 13 7 13 16 3 10 3 18 18 13 9 16 16 16 3 18 7 10 13 9 
10116
1 1 1 0 1 1 0 0 0 1 1 1 0 0 1 0 0 0 0 0 
0 1 10 10 1 14 11 2 14 4 5 4 1 10 2 11 5 10 4 9 14 5 5 2 9 4 0 11 1 4 2 14 2 0 11 10 11 1 1 2 9 0 5 0 11 5 14 10 2 9 
11998
1 0 0 1 1 1 0 0 0 0 1 1 0 1 0 0 0 0 0 1 
0 3 10 10 19 13 11 13 3 4 5 4 19 10 13 3 5 10 4 11 3 5 5 19 11 4 0 3 3 4 13 5 13 0 3 10 11 19 19 13 11 0 5 0 11 13 3 10 19 11 
9250
1 1 1 1 0 0 0 0 0 1 1 0 1 0 0 1 0 0 0 0 
0 12 10 10 12 12 3 2 12 3 15 1 1 10 2 12 15 10 3 9 12 15 15 2 9 1 0 1 12 3 2 15 2 0 3 10 3 1 1 2 9 0 15 0 9 15 12 10 1 9 
8099
1 0 0 0 0 0 0 1 0 0 1 1 1 1 0 0 0 1 0 1 
0 12 10 10 12 12 17 13 12 17 7 19 19 10 13 12 7 10 17 11 12 13 7 19 11 17 0 17 12 17 13 7 19 0 12 10 11 19 19 13 7 0 0 7 11 13 12 10 19 11 
10014
1 1 0 0 1 0 0 1 0 0 1 1 0 1 0 1 0 0 0 0 
0 1 10 10 1 15 11 13 7 4 15 4 1 10 13 11 15 7 4 11 15 15 15 13 10 4 0 1 1 4 13 7 13 0 11 10 11 1 1 13 7 0 0 7 11 13 7 10 4 11 
11517
1 1 0 1 1 0 1 0 0 0 0 0 0 1 1 1 0 0 0 0 
0 1 14 14 1 15 3 13 14 4 15 4 1 6 13 3 15 14 4 6 14 15 15 13 6 4 0 3 1 4 13 15 13 0 3 6 3 1 1 13 6 0 15 0 3 13 14 14 4 6 
9257
1 0 1 0 0 0 1 0 0 0 1 0 1 0 0 0 0 1 1 0 
0 12 10 10 12 18 17 18 12 17 0 2 12 6 2 12 18 10 17 6 12 18 18 2 6 17 0 17 12 17 2 10 2 0 12 10 17 18 2 2 6 0 0 0 6 18 12 10 2 6 
8106
0 0 0 0 0 0 0 0 0 0 1 1 1 0 0 1 1 1 0 1 
16 12 10 10 12 12 17 12 12 17 15 19 19 10 19 11 15 10 17 11 12 15 15 19 10 17 16 17 12 17 19 15 19 16 11 10 11 19 19 15 10 16 15 16 11 15 12 10 19 11 
10320
0 0 1 1 0 1 1 0 0 0 0 0 1 0 0 0 1 0 0 0 
16 12 16 16 12 12 3 2 12 3 5 2 12 6 2 12 5 6 3 6 12 5 5 2 6 12 16 3 12 3 2 16 2 16 3 6 3 12 2 5 6 16 5 16 3 5 12 6 2 6 
11402
0 0 0 0 0 0 1 1 0 0 0 0 1 1 0 0 1 1 0 0 
16 12 7 7 12 12 17 13 12 17 16 17 12 6 13 12 7 6 17 6 12 7 7 13 6 17 16 17 12 17 13 16 13 16 12 6 17 12 7 13 6 16 16 16 7 13 12 6 13 6 
18408
1 0 1 0 0 1 0 0 0 0 0 0 0 1 1 0 0 1 0 1 0 0 0 0 0 1 0 0 0 0 
13 25 13 2 13 5 19 25 14 0 5 13 13 14 19 14 14 17 25 0 19 19 0 19 0 14 19 5 5 25 0 25 13 25 14 14 5 25 19 2 17 14 5 13 5 14 19 13 25 2 5 19 14 5 13 13 2 5 25 14 0 0 14 25 0 25 25 0 5 5 13 13 0 17 25 14 5 14 19 25 13 17 13 0 19 17 17 0 14 5 17 25 19 25 2 5 2 2 0 13 13 19 14 25 19 5 19 0 2 2 14 14 2 0 25 0 5 25 5 0 0 13 25 13 13 19 5 25 0 25 0 25 0 25 13 14 19 5 13 17 17 13 13 14 14 25 25 5 17 0 
14383
1 0 1 0 0 1 0 0 1 0 0 1 0 0 1 0 0 1 0 1 0 0 0 0 0 0 0 0 0 0 
8 11 8 14 8 5 19 5 19 17 11 8 8 8 19 14 14 17 0 11 19 17 11 19 0 8 19 5 5 0 11 11 14 11 8 8 5 5 0 14 0 14 11 19 5 14 19 8 11 8 11 14 14 5 8 8 17 0 0 14 0 5 8 11 11 11 11 0 19 0 8 8 11 17 11 8 0 8 19 11 8 0 8 17 19 17 2 0 8 11 2 5 17 11 17 11 2 19 11 8 8 17 14 11 19 11 19 11 14 14 14 19 2 11 11 19 5 5 5 5 5 14 11 8 8 19 11 0 0 0 0 0 5 0 14 14 19 0 8 17 0 8 8 14 8 11 11 5 2 5 
13498
1 0 0 0 0 1 0 1 0 0 0 1 0 0 1 0 0 1 0 0 1 0 0 0 1 0 0 0 0 0 
20 11 20 17 20 5 7 24 14 17 11 20 20 20 7 14 14 17 11 11 14 7 24 7 11 20 0 24 5 24 5 11 20 11 20 20 24 24 0 14 0 14 24 11 24 14 0 20 0 14 0 0 14 5 20 20 17 11 0 17 0 5 20 0 11 11 5 0 24 11 20 20 11 0 24 20 24 20 14 5 20 7 20 0 7 17 17 0 20 11 0 24 0 0 7 11 14 24 0 20 14 7 14 11 0 11 7 0 14 14 14 7 17 11 11 24 24 24 24 5 5 14 11 20 14 7 5 24 7 11 0 11 24 11 14 14 7 11 20 17 0 20 20 14 20 0 11 5 17 5 
14692
0 0 1 0 0 1 0 1 0 0 0 1 0 0 1 0 0 1 0 0 1 0 0 0 1 0 0 0 0 0 
20 11 20 2 20 5 14 24 14 17 24 20 20 20 11 14 14 17 11 11 14 7 5 7 5 20 2 24 5 24 5 11 20 11 20 20 24 24 11 14 17 14 24 11 24 14 11 20 11 14 5 14 14 5 20 20 2 5 11 14 17 24 20 11 11 11 24 17 5 5 20 20 11 7 24 20 24 20 7 24 20 7 20 17 7 17 2 11 20 5 2 24 7 11 7 5 2 5 11 20 14 7 17 11 2 5 7 11 14 14 14 2 2 11 11 5 24 24 24 24 5 14 11 20 14 7 5 24 7 24 17 11 24 24 14 14 7 5 20 17 17 20 20 14 20 11 11 5 2 5 
13819
1 0 1 0 0 1 0 0 1 0 0 0 0 0 1 0 0 1 0 1 1 0 0 0 1 1 0 1 0 0 
20 25 8 2 8 5 19 24 19 17 24 8 14 20 19 14 17 17 25 0 19 27 27 19 25 8 19 24 5 24 27 25 8 27 20 20 24 5 17 14 0 14 24 19 24 14 19 8 27 14 27 2 14 5 8 20 17 27 27 14 0 5 20 27 0 25 24 0 27 5 8 20 0 0 24 8 24 20 19 24 20 0 8 17 19 17 2 0 20 5 2 5 19 27 0 5 2 27 27 20 14 0 17 25 19 25 19 25 14 8 14 19 2 0 25 27 24 24 5 5 5 14 25 20 20 27 25 24 0 27 0 27 24 25 14 14 19 25 20 17 0 8 20 14 8 27 25 5 17 5 
17641
1 0 1 0 0 1 0 1 0 0 0 1 0 0 1 0 0 1 0 0 1 0 0 0 1 0 0 1 1 0 
20 5 2 14 20 5 28 24 28 0 27 20 28 20 17 14 2 17 5 11 14 0 27 17 27 20 17 24 24 24 27 5 28 27 20 20 7 24 17 14 0 14 24 11 7 14 27 20 0 28 0 28 14 5 2 20 2 0 0 7 0 5 20 27 11 11 24 0 0 27 28 2 5 17 7 28 24 20 28 24 20 17 2 7 17 7 17 17 20 27 14 24 17 0 17 27 14 0 27 7 2 17 2 5 14 27 7 7 28 28 14 17 2 11 5 0 24 7 7 24 5 2 27 20 20 0 5 24 0 27 0 0 24 27 28 14 0 5 20 17 0 28 20 14 2 0 5 5 2 5 
14336
1 0 0 0 0 1 0 0 1 0 0 1 0 0 1 0 0 1 0 1 1 0 0 0 1 0 0 1 0 1 
20 11 8 17 20 5 19 24 19 17 29 8 14 20 19 14 17 17 5 11 19 27 29 19 29 8 19 24 5 5 29 11 19 27 20 20 24 24 27 14 0 14 24 8 24 14 27 20 27 8 29 19 14 5 8 20 17 29 27 14 0 5 20 27 0 11 24 0 29 27 8 20 11 0 24 8 5 20 19 24 20 0 8 17 19 17 0 0 20 29 17 24 19 27 0 29 17 14 29 8 8 0 17 11 19 29 0 0 14 14 14 19 17 11 11 29 24 24 5 24 5 8 27 20 8 11 5 29 0 29 0 27 24 29 14 14 0 5 20 17 0 8 20 14 8 27 11 5 17 5 
18616
1 0 0 0 1 1 0 0 1 0 0 1 0 0 1 0 0 1 0 0 1 0 0 0 1 1 0 1 0 0 
20 11 8 14 20 5 11 24 14 17 5 8 8 20 0 14 14 17 11 11 25 4 5 4 5 8 17 24 5 24 5 11 27 27 20 20 24 24 4 14 0 14 24 4 24 14 4 20 0 8 4 27 14 5 27 20 17 4 0 14 0 25 20 0 11 11 24 0 4 5 25 20 11 17 25 8 5 20 11 24 20 0 8 17 0 17 17 4 20 5 17 24 0 0 0 5 14 4 5 8 8 0 17 25 17 5 4 0 14 8 14 27 17 11 11 4 24 27 24 24 25 8 11 20 8 4 5 27 0 4 0 4 24 27 8 14 4 5 20 17 0 8 20 14 8 25 11 5 17 11 
15107
1 0 0 0 0 1 0 1 1 0 0 1 0 1 1 0 0 1 0 0 0 0 0 0 0 0 0 0 0 0 
13 0 13 14 13 5 17 5 8 17 0 13 8 8 7 14 14 17 11 11 17 7 0 7 0 8 17 5 11 11 0 11 13 11 8 8 5 5 7 14 0 14 5 13 5 14 7 13 0 8 7 14 14 5 13 13 17 7 7 14 0 5 8 0 11 11 11 0 7 0 13 13 11 17 5 8 11 8 14 11 13 7 13 17 7 17 17 7 8 11 17 5 17 0 7 5 17 7 0 13 13 7 17 0 17 0 7 0 14 14 14 14 17 11 11 7 5 5 5 5 5 13 0 13 13 7 11 11 7 0 0 7 5 0 8 14 7 11 8 17 0 8 8 14 8 0 11 5 17 5 
11373
1 0 0 0 0 1 0 0 1 0 0 0 0 0 1 0 0 1 0 0 1 0 0 0 1 0 0 0 0 1 
20 0 20 14 8 5 0 24 8 0 29 8 8 20 0 14 14 17 29 0 14 17 29 17 29 8 17 24 24 24 29 5 20 29 20 20 24 24 0 14 0 8 24 8 24 14 5 20 0 8 29 8 14 5 20 20 14 29 0 14 0 5 20 0 0 0 24 0 29 29 8 20 5 17 24 8 24 20 14 24 20 17 20 17 17 17 17 17 20 29 14 24 17 0 17 29 14 29 29 8 8 17 14 0 14 29 17 0 8 8 14 14 17 0 5 29 24 24 5 24 5 8 5 20 8 0 5 24 17 29 0 29 24 29 8 14 17 5 20 17 0 8 20 14 8 29 0 5 17 5 
17764
0 0 1 0 0 0 0 1 0 1 0 1 0 0 1 0 0 1 0 0 1 0 0 0 1 0 0 0 0 0 
20 11 20 2 7 24 17 9 14 17 9 20 7 20 2 14 17 17 17 11 14 11 9 2 9 20 2 24 24 9 9 11 7 11 20 20 24 24 17 14 17 7 24 14 24 14 2 20 11 14 9 14 14 24 20 7 2 9 11 7 17 24 20 11 17 11 9 17 9 9 20 20 11 17 24 14 9 20 14 9 20 7 20 17 2 17 2 2 20 9 2 24 2 11 2 9 2 9 11 14 14 2 17 11 2 11 2 11 14 17 14 14 2 11 11 9 24 24 24 24 7 14 11 20 14 11 24 9 11 9 17 11 24 9 14 7 7 17 20 17 17 14 20 14 7 11 11 24 2 24 
18617
1 0 1 0 0 0 0 0 1 0 0 0 0 0 1 0 0 1 0 0 0 0 0 0 1 1 0 0 1 0 
14 0 28 14 28 25 2 24 2 17 25 28 28 8 2 14 14 17 0 0 2 25 25 2 17 14 2 24 24 24 25 25 28 25 8 8 24 24 17 14 17 14 24 2 24 14 2 14 25 28 25 28 14 0 28 8 17 25 25 14 0 24 8 25 0 0 24 0 25 0 28 14 0 17 24 28 0 8 2 24 8 17 28 17 2 17 2 17 8 25 2 24 2 25 17 25 17 8 25 28 28 2 14 25 2 25 2 17 28 28 14 2 2 0 0 25 24 24 24 24 25 28 25 14 28 25 0 0 17 17 0 25 24 17 28 14 2 0 8 17 17 28 8 14 14 25 25 0 2 24 
13133
1 0 0 0 0 1 0 0 1 0 0 1 0 0 0 0 0 1 0 0 1 0 0 0 0 0 0 0 0 0 
20 11 20 17 20 5 17 5 8 17 11 8 8 20 17 8 17 17 11 11 17 0 11 17 11 8 17 5 5 5 11 11 20 11 20 20 5 5 0 17 0 8 5 8 5 17 0 20 11 8 11 8 17 5 20 20 17 11 0 17 0 5 20 11 11 11 5 0 11 11 20 20 11 17 5 8 5 20 17 5 20 0 20 17 17 17 17 0 20 5 0 5 17 11 17 5 17 0 11 8 8 17 17 11 0 11 17 11 8 8 17 8 0 11 11 11 5 5 5 5 5 8 11 20 8 0 5 5 0 11 0 11 5 11 8 8 0 5 20 17 0 8 20 17 8 11 11 5 0 5 
12316
1 0 0 0 0 1 0 0 1 0 0 0 0 0 0 0 0 1 0 0 1 0 0 0 0 1 0 0 0 0 
20 25 20 17 20 5 17 5 8 17 25 8 8 20 0 8 17 17 25 0 17 0 25 0 25 8 17 5 5 5 25 25 20 25 20 20 5 5 0 17 0 8 5 8 5 17 0 20 25 8 25 8 17 5 20 20 17 25 0 17 0 5 20 25 0 25 5 0 25 25 20 20 5 17 5 8 5 20 17 5 20 0 20 17 17 17 17 0 20 25 17 5 17 0 0 5 17 0 25 8 8 0 17 25 17 25 0 0 8 8 17 8 17 0 25 25 5 5 5 5 5 8 25 20 8 0 5 5 0 25 0 25 5 25 8 8 0 5 20 17 0 8 20 17 8 25 25 5 17 5 
15356
0 0 0 0 0 0 0 1 0 0 0 1 0 0 0 0 0 1 0 0 1 0 0 0 1 0 0 0 0 0 
20 11 20 17 20 11 7 24 20 17 24 20 20 20 7 17 17 17 11 11 7 7 24 7 24 20 7 24 24 24 11 11 20 11 20 20 24 24 7 17 11 17 24 7 24 17 7 20 11 17 11 7 17 11 20 20 17 11 7 17 17 24 17 11 11 11 24 17 11 24 20 20 11 7 24 20 24 20 11 24 20 7 20 17 7 17 7 7 20 24 7 24 7 11 7 24 17 7 11 20 20 7 17 11 7 11 7 11 7 17 17 7 17 11 11 7 24 24 24 24 11 20 11 20 20 7 24 24 7 7 17 11 24 11 20 17 7 24 20 17 11 20 20 17 17 11 11 11 17 24 
15288
1 0 0 0 0 1 0 0 1 0 0 1 0 0 1 0 0 1 0 0 0 0 0 0 0 0 0 0 0 0 
8 11 8 14 8 5 14 5 14 17 11 8 8 8 17 14 14 17 11 11 14 0 11 17 11 8 17 5 5 5 11 11 8 11 8 8 5 5 0 14 0 14 5 14 5 14 0 8 11 8 11 14 14 5 8 8 17 11 0 14 0 5 8 11 11 11 5 0 11 11 8 8 11 17 5 8 5 8 14 5 8 0 8 17 17 17 17 0 8 5 17 5 17 11 17 5 14 14 11 14 14 17 17 11 17 11 17 11 14 14 14 14 17 11 11 11 5 5 5 5 5 14 11 8 8 0 5 5 0 11 0 11 5 11 8 14 17 5 8 17 0 8 8 14 8 11 11 5 17 5 
7330
0 1 1 1 1 1 0 0 1 0 
5 4 4 4 2 5 3 3 8 8 4 5 2 2 2 2 5 3 8 4 1 1 4 1 4 5 5 4 5 5 8 4 4 4 3 2 2 4 1 2 2 3 3 3 3 4 5 5 5 4 4 1 2 4 2 5 2 3 8 8 5 8 1 5 4 4 1 1 4 4 4 4 4 4 3 2 2 2 2 5 5 2 2 5 2 2 2 2 2 2 
6505
1 1 0 1 0 0 1 0 1 0 0 0 0 0 1 0 0 0 0 0 
3 14 3 14 0 0 0 3 1 1 3 1 6 8 6 0 0 3 14 14 8 3 3 8 3 3 3 3 3 3 0 6 6 8 14 6 6 0 0 1 0 3 3 0 3 14 6 6 0 6 1 1 1 3 3 8 3 14 14 14 3 3 3 3 3 3 0 0 6 6 8 0 6 6 6 6 6 6 6 6 
6211
0 0 0 0 0 0 0 0 0 1 0 0 0 0 0 1 0 0 0 0 0 0 0 0 0 0 1 1 0 1 
29 15 15 29 26 9 26 15 27 29 29 29 26 9 15 15 15 15 15 29 9 26 9 9 9 26 29 29 27 29 29 29 29 26 9 9 29 27 15 15 29 27 27 29 29 26 26 26 26 15 15 9 9 27 29 15 15 15 26 29 29 27 29 29 27 29 27 27 27 29 
7790
1 1 1 1 1 0 0 1 1 0 
4 4 4 4 4 4 4 4 7 7 0 0 0 0 0 0 1 7 1 7 1 7 1 2 2 2 2 2 2 2 2 3 3 3 3 3 3 3 3 3 4 0 1 1 8 8 7 7 3 7 7 2 4 3 8 8 7 7 2 7 7 4 3 3 0 7 7 8 1 0 4 7 7 7 7 8 7 7 7 2 7 7 7 3 8 3 4 7 7 4 
7530
1 1 1 0 0 1 0 0 0 0 0 0 0 1 1 0 1 0 0 0 
0 0 0 0 0 0 0 13 1 13 1 1 1 1 1 2 2 2 2 2 2 16 14 16 14 14 16 16 14 5 5 5 5 5 5 5 5 5 0 0 2 2 14 2 1 16 16 13 13 16 13 13 14 16 13 16 5 0 2 2 2 2 0 16 13 13 2 2 2 13 13 2 13 13 14 16 13 16 2 13 
6709
1 1 0 1 0 0 0 0 0 1 0 0 0 0 0 0 0 0 0 0 0 0 0 0 0 0 1 1 1 0 
0 0 0 0 0 0 0 1 1 28 1 1 1 1 26 3 3 3 3 3 3 27 26 26 26 26 26 9 9 9 9 27 9 9 0 3 3 27 3 28 28 3 3 28 3 3 26 27 27 28 0 27 27 0 3 26 27 28 3 26 3 26 28 26 27 27 26 27 3 3 
7149
1 1 1 1 0 1 0 1 1 1 
0 0 0 0 0 0 0 0 0 0 1 2 1 1 1 2 1 2 2 2 2 2 2 2 2 2 2 3 3 3 3 3 3 3 3 5 5 2 2 5 5 2 2 2 2 3 2 5 5 5 5 5 5 5 5 2 5 2 2 2 5 5 7 7 5 7 7 0 7 7 7 7 7 7 8 7 8 8 8 8 8 0 2 7 9 9 9 9 9 9 
6267
1 0 1 0 0 1 0 0 1 0 0 1 1 0 1 0 0 1 0 0 
0 0 0 0 0 0 0 5 0 2 2 2 2 2 2 5 5 5 5 5 5 5 5 5 11 5 5 11 5 11 2 8 8 8 8 8 8 5 8 5 8 5 11 11 11 11 11 11 12 17 12 12 12 12 8 14 14 12 14 17 0 14 14 14 14 17 17 17 17 17 17 17 0 17 17 17 17 0 0 2 
7224
0 0 0 0 0 0 1 0 1 0 0 0 0 0 1 0 0 1 0 0 0 0 0 0 0 0 0 1 0 1 
29 29 6 29 6 6 6 6 29 29 29 6 29 6 6 6 6 6 6 6 6 6 8 8 8 8 8 14 14 14 14 14 14 14 14 14 17 17 17 17 17 17 17 6 17 6 17 17 17 17 17 17 6 17 17 17 17 27 27 27 27 27 29 27 27 27 27 27 29 29 
10318
1 1 1 1 0 1 1 0 0 1 
3 0 3 0 2 5 5 5 3 3 2 3 1 6 6 9 5 5 5 3 0 0 6 3 0 3 5 6 3 3 3 2 3 3 3 5 1 9 0 3 0 9 6 9 2 5 5 5 5 3 3 5 6 0 0 0 6 3 6 5 9 5 2 2 3 2 0 6 5 3 3 6 0 0 0 3 3 3 3 3 3 5 2 9 6 2 6 5 5 3 9 1 9 6 1 1 1 1 1 9 
8194
1 1 0 0 0 1 0 0 0 0 0 0 0 1 1 1 0 0 1 0 
1 0 15 14 18 13 5 5 15 1 5 14 18 13 18 13 13 5 5 15 0 0 18 14 14 0 18 0 15 15 1 1 15 15 15 5 13 13 14 0 0 13 18 13 5 5 5 5 5 15 15 5 0 14 14 0 18 0 18 13 13 1 1 5 15 5 14 15 1 1 15 0 0 0 0 18 15 15 15 15 15 5 5 13 18 13 18 5 13 1 13 13 13 18 18 13 13 18 13 13 
12429
0 0 1 0 1 1 1 1 1 1 
6 7 7 7 7 7 7 7 4 4 4 4 4 4 4 4 4 8 8 8 8 7 7 8 7 2 9 9 9 9 9 9 9 2 6 6 6 6 6 6 6 6 6 6 7 7 4 8 8 9 5 4 4 6 4 5 7 7 7 4 6 5 5 5 7 5 5 4 4 7 6 6 4 4 7 5 7 4 7 5 5 4 4 5 5 4 4 4 5 5 5 5 5 5 5 6 4 4 4 4 
16202
0 1 0 0 0 1 1 0 0 1 1 0 1 0 0 1 0 0 0 1 
10 5 5 10 10 5 5 5 19 19 19 19 19 19 19 19 19 15 15 12 12 15 6 12 10 6 6 6 9 9 6 9 9 15 10 6 10 10 10 10 10 10 10 10 5 5 19 12 12 15 15 1 1 19 5 12 19 19 1 19 5 9 15 12 1 12 9 5 5 5 15 15 19 1 6 15 10 19 19 9 5 1 1 19 9 19 1 5 15 9 9 9 9 19 9 19 10 1 1 5 
10196
1 0 1 1 0 1 1 1 0 1 
7 7 7 7 7 2 2 2 2 2 2 2 2 2 2 2 2 2 2 3 3 3 7 3 2 3 3 3 3 3 3 3 3 3 3 3 3 7 2 6 6 6 3 6 6 3 3 3 3 3 3 3 6 6 6 6 6 6 6 6 6 5 5 6 5 5 5 6 6 0 0 0 0 5 7 0 0 0 0 0 0 7 7 7 7 0 7 7 9 0 9 7 7 9 9 9 7 9 9 9 
10194
1 0 0 0 0 0 1 0 1 0 1 0 1 1 0 1 0 0 1 0 
18 18 8 8 6 18 18 8 8 8 8 8 18 8 15 15 6 6 8 12 12 12 12 12 6 12 12 6 12 0 6 6 6 6 6 6 6 6 6 0 0 0 0 0 0 0 0 0 0 0 0 0 10 10 10 10 10 10 10 10 13 13 18 10 13 13 13 0 13 15 15 13 13 10 18 13 13 13 13 13 13 18 13 18 18 13 13 18 13 13 13 18 18 18 18 18 18 18 18 18 
23963
1 0 1 1 1 0 0 0 1 0 1 0 1 0 0 1 0 1 1 1 0 0 0 1 1 1 0 1 1 0 
18 19 2 27 2 12 15 27 27 28 4 28 3 3 28 18 3 10 27 0 18 15 15 24 10 18 27 17 4 2 19 19 4 15 27 17 8 8 24 15 18 8 17 4 8 19 3 2 19 23 24 15 24 15 8 12 18 8 18 25 4 0 25 8 3 12 23 23 28 25 18 12 19 8 23 23 8 23 8 15 10 0 17 25 4 3 19 2 27 25 28 19 25 25 0 3 28 12 0 28 28 15 12 18 4 0 4 24 27 3 19 4 27 12 12 8 28 25 17 8 17 25 0 19 17 15 2 17 17 0 28 24 25 10 23 23 3 3 28 10 12 27 28 25 25 2 24 15 18 25 24 0 10 0 8 28 2 15 3 3 3 27 10 24 23 27 15 4 3 2 23 8 19 10 4 2 0 10 4 10 2 15 24 19 12 8 28 10 0 2 2 2 19 4 18 12 25 15 10 19 
29347
1 0 1 1 1 0 0 0 0 1 1 1 1 0 1 1 1 0 0 1 0 0 0 1 0 1 0 1 1 0 
11 19 2 27 2 12 15 27 0 28 4 28 3 3 28 11 3 10 16 27 27 16 23 16 10 27 27 19 4 15 19 19 4 16 27 12 9 9 16 15 12 9 12 4 14 19 3 15 19 14 16 16 2 15 9 12 11 9 0 25 4 0 12 9 3 25 23 14 28 25 11 12 19 9 23 23 10 23 9 16 10 23 9 25 4 10 19 2 27 25 28 19 25 25 2 3 11 28 0 28 28 15 25 12 4 0 4 16 16 3 19 4 27 12 11 9 28 25 14 14 9 25 28 19 9 16 2 11 14 0 0 16 25 10 23 9 3 3 28 10 12 27 11 25 25 23 16 15 27 25 16 14 23 0 3 11 2 15 3 3 3 27 10 2 23 27 23 4 3 15 23 14 19 14 4 2 0 10 4 10 0 15 2 19 11 9 28 10 0 15 2 15 12 4 11 12 25 15 10 19 
40955
0 1 1 0 0 0 1 0 0 1 1 1 1 1 0 1 1 1 0 0 0 0 1 0 1 1 0 0 1 1 
11 6 15 22 2 12 15 11 22 28 29 28 13 1 28 11 1 13 22 17 22 16 2 24 13 22 24 17 29 15 6 6 29 16 11 6 9 9 16 15 11 9 6 29 10 6 13 15 6 10 24 16 16 16 9 12 11 9 22 25 29 17 25 9 13 11 2 17 28 25 22 12 6 9 10 1 13 10 9 16 13 17 9 25 29 13 6 2 22 25 28 6 25 25 2 1 11 12 17 28 28 15 12 11 29 24 29 24 22 1 28 29 22 12 12 9 28 25 17 10 9 11 28 6 9 16 2 11 6 17 28 16 25 13 1 9 1 13 28 17 12 22 12 11 25 2 16 15 22 25 24 17 1 17 13 11 2 15 13 1 1 24 13 24 10 24 1 29 1 15 1 10 17 10 29 2 24 10 29 10 2 15 16 28 12 9 28 1 17 16 2 15 6 29 25 12 25 15 10 6 
30690
1 0 1 0 0 0 1 0 0 0 1 0 0 1 0 0 1 1 1 1 1 0 0 1 1 1 1 0 1 1 
18 6 2 0 2 26 16 0 0 28 29 17 13 23 28 18 13 20 16 0 18 16 23 24 10 18 24 17 29 23 6 19 29 16 0 6 20 20 24 16 18 20 6 29 13 19 13 16 19 19 24 16 2 16 20 6 19 26 18 25 29 0 0 20 13 25 23 17 28 25 18 6 6 20 10 23 20 10 20 24 13 17 26 25 29 13 6 2 0 25 28 6 25 25 0 13 28 6 17 28 17 16 25 18 29 0 29 24 24 13 19 29 18 6 19 20 28 25 17 20 26 25 17 26 26 16 2 19 19 17 28 24 25 10 23 20 26 13 17 10 28 0 28 25 25 23 24 16 18 25 24 17 23 17 13 28 2 16 13 13 13 0 10 2 23 0 23 29 13 16 23 20 28 10 26 2 24 10 29 10 23 16 2 6 19 20 28 23 17 24 2 16 6 29 18 6 25 2 10 19 
24689
0 0 1 0 1 1 1 0 0 0 1 1 0 0 0 0 0 1 1 0 1 0 0 0 1 0 0 0 1 0 
18 6 2 24 2 6 2 28 28 28 4 28 10 5 28 18 5 10 24 17 18 24 5 24 10 18 24 17 4 2 6 4 4 24 28 6 20 20 24 24 18 20 6 4 20 4 20 2 28 17 24 24 2 24 20 6 18 20 18 18 4 17 18 20 20 11 5 17 28 11 18 6 6 20 5 10 10 5 20 24 10 17 20 11 4 10 6 5 24 18 28 6 11 11 2 5 11 6 17 28 17 5 11 18 4 17 4 24 24 10 4 4 18 6 11 20 28 18 17 20 20 11 17 6 4 24 2 11 4 17 11 24 11 10 5 20 10 20 28 10 6 18 11 11 11 5 24 2 18 11 24 17 10 17 20 11 2 2 20 20 5 24 10 24 5 28 5 4 5 2 5 20 17 10 4 2 17 10 4 10 2 2 2 6 11 20 28 10 17 2 2 2 6 4 18 6 18 5 10 6 
29046
1 0 0 0 0 1 0 0 0 0 0 1 0 1 0 0 1 0 1 1 0 0 0 1 0 0 1 1 1 0 
18 28 5 27 5 11 5 28 27 28 26 28 13 13 28 18 23 13 27 28 27 16 5 16 23 27 27 28 26 5 19 19 26 16 27 19 26 13 16 16 18 26 19 26 13 19 13 16 19 19 0 16 16 16 23 19 11 26 18 18 26 0 18 23 13 11 5 28 28 18 18 11 19 26 23 23 13 5 23 16 23 0 26 18 26 13 19 5 27 18 28 19 11 11 5 13 11 11 0 28 28 16 11 18 19 0 19 16 27 13 19 26 27 28 11 23 28 18 28 13 26 11 28 19 26 16 0 11 26 0 28 16 11 13 23 26 13 13 28 0 11 27 11 11 11 5 16 16 27 18 0 28 23 0 13 11 5 16 13 13 13 27 23 0 5 27 5 26 23 16 5 13 28 0 26 5 0 23 26 23 5 16 0 28 11 13 28 23 0 16 5 16 19 19 18 19 18 5 23 19 
36062
1 0 0 0 0 1 0 0 1 0 0 0 0 0 0 0 0 0 1 1 1 0 0 0 1 1 1 1 1 0 
18 19 24 27 5 19 0 27 27 28 26 28 20 5 28 18 8 20 27 0 18 24 5 24 20 18 27 28 26 5 19 19 26 24 27 19 20 8 24 27 18 8 19 26 8 19 8 24 19 20 24 24 24 27 8 19 25 8 18 25 26 0 25 20 8 25 5 19 28 25 18 25 19 8 5 5 20 0 8 24 5 0 26 25 26 20 19 5 27 25 28 19 25 25 0 8 28 28 0 28 28 5 25 18 26 0 26 24 27 8 19 26 27 19 25 8 28 25 0 8 26 25 0 19 26 27 0 28 26 0 28 24 25 20 5 8 8 8 28 20 25 27 28 25 25 5 24 27 27 25 24 0 5 0 8 28 5 24 8 8 20 27 20 24 5 27 5 26 8 24 5 20 28 20 26 0 0 20 26 20 5 24 24 28 28 8 28 5 0 24 0 24 19 19 18 19 18 5 20 19 
31836
1 0 1 0 1 0 0 0 0 0 0 1 1 1 0 0 0 1 1 0 1 0 0 1 1 0 0 0 0 0 
18 12 2 24 2 12 0 11 18 17 4 17 13 23 11 11 23 13 18 17 18 24 0 24 13 18 24 17 4 2 0 4 4 24 18 12 20 20 24 24 18 23 12 4 20 4 13 2 17 20 24 24 2 24 20 12 11 20 18 11 4 0 18 20 13 12 0 17 11 12 18 12 17 20 0 13 13 0 20 24 13 17 23 11 4 13 4 2 24 11 17 11 11 11 2 13 11 12 17 17 17 23 12 18 4 0 4 24 18 13 17 4 18 12 12 20 11 11 17 20 0 11 17 4 23 24 2 12 4 17 11 2 12 13 13 20 23 13 17 23 12 24 12 11 11 2 24 0 18 11 24 17 13 17 13 11 2 24 13 13 13 24 13 2 0 24 23 4 23 2 23 20 17 20 4 2 24 20 4 20 2 0 2 11 12 20 11 13 0 2 2 2 17 4 18 12 18 0 20 0 
27524
0 0 0 0 1 1 0 0 0 1 0 1 0 0 0 0 0 0 1 0 1 0 0 0 1 0 0 0 1 0 
18 28 24 18 5 28 5 18 18 28 4 28 20 9 28 18 9 20 24 28 18 24 5 24 9 18 18 28 4 5 4 4 4 24 18 4 20 20 24 24 18 9 28 4 9 4 9 24 28 20 24 24 24 24 20 4 11 9 18 11 4 28 18 20 20 11 5 9 28 11 18 11 4 20 5 5 20 5 20 24 9 5 9 11 4 20 4 5 18 18 28 4 11 11 5 9 11 11 5 28 28 5 11 18 4 28 4 24 18 9 4 4 18 11 11 20 28 11 28 20 9 11 28 4 9 24 5 11 4 28 11 24 11 20 5 20 9 9 28 20 11 18 11 11 11 5 24 24 18 11 24 28 5 28 20 11 5 24 9 9 9 18 20 24 5 18 5 4 9 24 5 20 28 20 4 5 28 20 4 20 5 24 24 28 11 9 28 5 28 24 5 24 4 4 18 11 18 24 20 4 
31079
1 1 0 0 0 0 0 0 0 0 0 1 1 1 0 0 1 0 0 0 0 0 0 0 0 0 1 1 0 0 
27 12 16 27 1 12 16 27 27 27 26 0 13 1 12 27 1 13 16 0 27 16 1 16 13 27 27 12 26 1 12 26 26 16 27 12 26 13 16 16 27 26 12 26 1 26 13 16 26 26 27 16 16 16 13 12 11 26 27 11 26 0 11 26 13 11 0 12 12 11 27 12 12 26 1 13 13 0 13 16 13 0 26 11 12 13 26 0 27 11 27 12 11 11 0 1 27 12 0 11 0 16 11 27 26 0 26 16 27 1 26 12 27 12 11 13 11 11 0 13 26 11 0 12 26 16 0 11 26 0 11 16 11 13 1 26 1 13 0 13 12 27 11 11 11 0 16 16 27 11 27 0 13 0 13 11 0 16 13 13 13 27 13 16 1 27 1 26 1 16 1 13 12 0 26 0 0 1 26 13 1 16 16 12 12 1 11 13 0 16 0 16 12 12 11 12 11 1 13 26 
37223
0 0 0 0 0 1 0 0 0 0 0 0 0 1 0 0 0 1 0 0 0 0 1 1 0 1 1 0 1 0 
25 28 5 22 5 25 5 28 22 17 26 17 13 13 17 25 13 13 22 17 28 22 5 22 23 25 22 17 26 5 28 26 26 22 28 28 23 13 22 22 25 26 28 26 13 26 13 22 17 17 22 22 5 22 13 28 25 26 22 25 26 17 25 13 13 25 5 17 28 25 22 25 28 26 23 23 13 23 13 22 23 17 26 25 26 13 26 5 22 25 28 28 25 25 5 13 28 28 17 28 17 5 25 25 26 17 26 22 22 13 17 26 22 28 28 13 28 25 17 13 26 25 17 26 26 22 5 28 26 17 28 22 25 13 23 26 13 13 28 23 28 22 28 25 25 5 22 23 22 25 22 17 23 17 13 28 5 22 13 13 13 17 23 5 5 17 5 26 13 5 5 13 17 17 26 5 17 23 26 13 5 23 5 28 28 26 28 23 17 5 5 5 23 26 25 25 25 5 23 17 
30148
0 0 0 0 0 0 0 0 0 0 1 0 0 0 1 1 0 1 0 1 0 0 0 1 1 1 1 1 1 0 
27 19 15 24 15 28 15 27 27 17 26 28 10 23 19 27 23 10 27 17 27 24 23 24 10 27 24 19 26 15 19 19 26 15 27 19 14 14 24 15 27 26 19 26 14 19 10 15 19 14 24 24 24 24 14 14 25 26 27 25 26 17 25 14 10 25 23 14 28 25 28 25 19 26 23 23 10 23 14 24 10 17 26 25 26 10 19 23 27 25 28 19 25 25 17 23 28 28 17 28 17 15 25 27 26 24 26 24 27 10 19 26 27 19 28 14 28 25 17 10 26 28 17 19 26 15 15 28 19 17 28 24 25 10 23 26 10 14 28 10 28 27 28 25 25 23 24 15 27 25 24 17 23 17 10 28 15 15 23 23 23 27 10 24 23 27 23 26 23 15 23 14 19 14 26 15 17 10 26 10 15 15 24 19 25 26 28 23 17 24 24 15 19 26 25 28 25 15 10 19 
23354
0 0 0 0 0 1 0 1 1 0 0 0 1 1 0 0 1 1 0 1 0 0 0 0 1 0 0 1 0 1 
7 19 16 27 5 12 16 27 27 17 29 19 13 5 19 27 5 13 27 27 27 16 5 24 13 27 27 19 29 5 19 19 29 16 27 12 8 8 24 16 7 8 19 29 8 19 13 16 19 8 24 16 24 16 8 12 27 8 27 7 29 17 7 8 13 12 5 19 19 12 7 12 19 8 5 13 13 5 8 24 13 5 8 7 29 13 19 5 27 7 17 19 7 7 5 13 27 12 17 17 17 16 12 7 29 24 29 24 27 13 19 29 27 12 12 8 27 7 17 8 8 12 17 19 8 16 16 12 19 17 27 24 12 8 5 8 13 13 17 17 12 27 12 12 7 5 24 16 27 7 24 17 5 17 8 12 5 16 13 13 13 27 13 24 5 27 5 29 5 16 5 8 19 8 29 5 24 8 29 8 5 16 24 19 12 8 7 13 17 16 16 16 19 29 7 12 7 16 8 19 
29106
0 0 0 0 0 0 1 0 1 0 0 1 0 1 1 0 0 0 0 0 0 1 1 1 1 1 0 0 0 1 
22 6 21 22 21 25 21 24 22 24 29 14 13 13 6 11 13 8 22 24 22 21 13 22 23 22 22 14 29 21 6 6 29 21 22 6 8 8 22 21 25 8 6 29 8 14 8 21 14 14 24 22 21 21 8 6 11 8 22 11 29 24 25 8 8 11 23 14 6 25 25 11 6 8 23 23 8 23 8 22 23 24 8 25 29 8 6 21 22 25 11 6 11 25 24 13 11 11 24 11 14 21 11 25 29 24 29 22 22 13 14 29 22 11 11 8 11 11 14 8 8 11 11 6 29 24 21 11 14 24 11 21 25 8 23 8 13 8 11 14 11 22 11 11 25 23 22 21 22 25 22 14 23 24 8 11 24 21 8 13 13 24 23 24 23 22 13 29 13 21 13 8 14 14 29 21 24 14 29 14 13 21 21 6 11 8 11 23 24 21 21 21 6 29 25 6 25 21 23 14 
36521
1 0 1 1 1 0 1 0 0 0 1 0 0 0 1 0 1 0 1 0 0 0 0 1 0 1 0 0 1 0 
18 6 2 0 2 25 16 0 18 0 4 28 10 3 28 18 3 10 16 0 18 16 23 0 10 18 0 14 4 2 6 14 4 16 0 6 14 3 16 16 18 3 6 4 3 14 3 2 14 14 0 16 2 16 3 6 25 10 18 25 4 0 25 3 3 25 2 14 28 25 18 6 6 14 23 23 10 23 3 16 23 0 14 25 4 23 4 2 18 25 0 6 25 25 2 3 0 6 0 28 14 16 25 18 4 0 4 0 16 3 14 4 18 6 6 3 28 25 14 3 14 25 0 6 4 16 2 28 14 10 28 16 25 10 23 10 3 3 28 10 28 18 28 25 25 2 16 16 18 25 0 10 23 0 3 28 2 16 3 3 3 0 10 2 23 0 23 4 3 16 23 10 14 14 4 2 0 10 4 10 2 16 2 28 28 3 28 23 0 16 2 16 6 4 18 6 18 2 10 14 
27789
1 0 1 0 0 0 1 0 0 0 1 0 0 0 0 0 0 0 1 1 1 1 0 1 0 1 0 0 1 1 
18 19 21 18 2 6 21 28 18 28 29 19 10 23 19 18 23 20 21 0 18 21 2 0 10 18 0 19 29 2 19 19 29 21 0 6 20 20 21 21 18 20 6 29 20 19 20 21 19 10 0 21 2 21 20 6 25 20 18 25 29 0 25 20 10 25 2 19 19 25 18 6 19 20 23 23 20 23 20 21 10 0 20 25 29 10 19 2 18 25 28 6 25 25 2 20 28 6 0 28 28 21 25 18 29 0 29 21 18 20 19 29 18 6 6 20 28 25 0 20 19 25 28 19 29 21 2 28 19 0 28 21 25 10 23 20 23 20 28 10 6 18 19 25 25 2 21 21 18 25 0 0 23 0 20 28 2 21 20 20 23 0 10 2 23 0 23 29 23 21 23 20 19 10 29 2 0 10 29 10 2 21 2 19 6 20 28 23 0 21 2 21 6 29 25 6 18 21 10 19 
