9105
1 1 1 1 1 0 1 0 1 0 
8 2 1 6 3 8 2 4 2 1 4 0 3 2 8 3 2 0 6 4 3 4 6 4 2 6 1 6 0 1 2 6 0 3 6 4 4 3 0 4 3 0 1 6 4 0 4 0 4 0 
8551
1 1 1 1 1 0 1 0 1 0 
8 3 1 6 1 0 2 4 2 1 4 8 3 2 8 3 2 0 4 4 3 4 6 4 2 6 1 6 0 6 2 6 0 3 2 4 4 3 0 4 3 0 1 6 4 0 2 0 4 0 
9961
1 1 1 1 1 0 1 0 1 0 
8 2 1 6 1 8 2 4 4 1 6 0 0 2 8 3 4 0 6 2 3 2 6 4 2 6 1 6 0 3 2 6 0 3 4 4 4 3 0 4 2 0 1 6 4 0 4 0 4 3 
11399
1 1 1 1 1 0 1 0 1 0 
8 2 1 6 3 8 2 4 4 1 6 8 0 2 2 3 4 0 6 2 3 2 6 4 2 6 1 6 0 1 6 6 0 3 4 4 4 3 0 4 3 0 1 6 4 0 4 0 4 0 
9278
1 1 1 1 1 0 1 0 1 1 
8 8 1 6 1 8 2 9 2 1 9 8 3 2 8 3 2 0 9 4 1 8 9 4 3 6 1 6 0 1 2 6 0 3 9 4 4 3 3 2 1 8 1 6 4 0 9 0 4 0 
8317
1 1 1 1 1 0 1 1 1 0 
8 8 1 6 1 8 2 4 4 1 7 8 3 2 8 3 4 0 6 7 3 7 6 4 2 1 3 1 0 1 2 6 0 3 7 4 4 3 8 4 1 8 1 6 7 0 2 0 7 0 
9938
1 1 1 1 1 0 1 1 1 0 
8 8 1 6 1 8 2 4 4 1 7 8 3 2 8 3 4 0 7 7 3 7 6 4 1 6 3 1 0 1 2 6 0 3 2 4 4 3 8 4 1 8 1 6 7 0 2 0 7 0 
11538
1 1 1 1 1 0 1 1 1 0 
8 8 1 6 1 8 2 4 4 1 7 8 3 2 8 3 4 0 7 7 3 7 6 4 1 6 3 1 0 1 2 6 0 3 2 4 4 3 8 4 1 8 1 6 7 0 2 0 7 0 
9122
1 1 0 0 1 0 1 0 1 1 
8 8 1 6 1 8 4 4 4 1 9 8 0 8 8 0 9 0 9 4 1 8 6 4 1 6 1 1 8 1 9 6 0 1 4 4 9 8 0 4 1 8 1 6 4 0 9 0 4 0 
8480
1 1 1 0 1 0 1 0 1 0 
8 2 1 6 1 0 2 4 4 1 4 8 0 2 8 2 4 0 6 4 1 8 6 4 2 6 1 1 0 1 2 6 0 1 4 4 2 0 8 2 1 0 1 6 4 8 4 0 4 0 
9509
1 1 0 0 1 0 1 1 1 0 
8 8 1 6 1 8 8 4 4 1 6 8 0 8 8 0 4 0 6 7 1 8 6 4 1 6 1 1 0 1 6 6 0 1 4 4 4 0 0 4 1 0 1 6 4 0 4 0 4 0 
10750
1 1 0 0 1 0 1 0 1 0 
8 0 1 6 1 8 6 4 4 1 4 8 8 8 8 0 4 0 6 4 1 8 6 4 1 6 1 1 8 1 6 6 0 1 4 4 8 0 0 4 1 8 1 6 4 0 4 0 8 0 
8507
1 0 0 0 0 0 0 0 0 1 1 0 1 1 0 1 0 1 0 1 
0 12 10 10 12 13 17 13 12 17 15 19 19 10 13 17 15 10 17 9 12 15 15 19 9 19 0 19 12 17 13 15 13 0 17 10 17 19 19 13 9 0 15 0 9 13 12 10 19 9 
7421
0 0 0 1 0 0 0 0 0 1 1 0 0 1 0 1 1 1 0 1 
16 3 10 10 19 15 17 13 3 17 15 19 19 10 13 3 15 10 17 9 13 15 15 19 9 17 16 17 3 17 13 15 19 16 3 10 3 19 19 13 3 16 16 16 3 13 15 10 19 9 
9107
0 0 0 1 0 0 0 0 0 1 1 0 0 1 0 1 1 1 0 1 
16 3 10 10 19 13 17 13 3 17 15 19 19 10 13 3 15 10 17 9 15 15 15 19 9 19 16 17 19 17 13 15 13 16 17 10 3 19 19 13 9 16 16 16 9 13 15 10 19 9 
10779
0 0 0 0 0 0 0 0 0 1 1 0 1 1 0 1 1 1 0 1 
16 12 10 10 19 15 17 13 12 17 15 19 19 10 13 12 15 10 17 9 12 15 15 19 9 17 16 17 12 17 13 15 13 16 19 10 19 19 19 13 9 16 16 16 9 13 15 10 19 9 
8351
1 0 0 0 0 0 0 0 0 1 1 0 1 1 0 1 0 1 0 1 
0 12 10 10 12 12 17 13 12 17 15 19 19 10 13 12 15 10 17 9 12 15 15 19 9 17 0 17 12 17 13 15 19 0 12 10 9 19 19 13 9 0 0 15 9 15 12 10 19 9 
7456
1 0 0 0 0 0 0 0 0 1 1 0 1 1 0 1 0 1 0 1 
0 12 10 10 12 13 17 13 12 17 15 19 19 10 13 12 15 10 17 9 12 15 15 19 9 17 0 17 12 17 13 15 13 0 12 10 19 19 19 13 9 0 15 0 9 13 12 10 19 9 
9037
1 0 0 0 0 0 0 0 0 1 1 0 1 1 0 1 0 1 0 1 
0 12 10 10 12 12 17 13 12 17 15 19 19 10 13 12 15 10 17 9 12 15 15 19 9 17 0 17 12 17 13 15 19 0 12 10 9 19 19 13 9 0 0 15 9 15 12 10 19 9 
10875
0 0 0 0 0 0 1 0 0 0 1 0 1 1 0 1 1 1 0 1 
16 12 10 10 12 12 17 13 12 17 16 19 19 10 13 12 15 10 17 6 12 15 15 19 6 17 16 17 12 17 13 15 19 16 12 10 6 19 19 13 6 16 15 16 6 15 12 10 19 6 
8778
1 0 0 0 0 0 0 0 0 1 1 0 1 1 0 0 0 1 0 1 
0 12 10 10 19 12 17 13 12 17 0 19 19 10 13 12 13 10 19 9 12 12 13 19 10 17 0 17 12 17 13 12 19 0 12 10 17 19 19 13 10 0 0 0 9 13 12 10 19 9 
8306
0 1 0 0 0 0 1 0 0 0 0 1 0 1 0 1 1 1 0 0 
16 1 16 16 1 13 17 13 1 17 15 1 1 6 13 1 15 6 17 6 15 15 15 13 6 17 16 17 1 17 13 15 13 16 17 6 11 13 1 13 6 16 16 15 11 13 15 6 1 6 
9453
1 0 0 0 0 0 0 0 0 1 1 0 1 1 0 0 0 1 0 1 
0 17 10 10 19 13 17 13 12 17 0 19 19 10 13 12 13 10 17 9 12 12 12 19 10 19 0 17 12 17 13 12 13 0 12 10 17 19 19 13 10 0 0 0 9 13 12 10 19 9 
11017
1 1 1 0 0 0 1 0 0 0 0 0 0 0 0 1 0 1 0 0 
0 1 0 1 1 15 17 2 1 17 15 1 1 6 2 1 15 6 17 6 15 15 15 2 6 17 0 17 1 17 2 15 2 0 17 6 1 1 2 2 6 0 0 0 1 15 15 6 2 6 
13476
1 0 0 0 0 1 0 0 0 0 0 0 0 0 1 0 1 1 0 0 1 0 0 0 1 1 0 0 0 0 
20 25 16 14 16 5 14 5 16 17 25 16 16 20 0 20 14 17 5 17 14 25 25 0 25 20 0 24 5 5 25 25 16 25 20 20 24 24 0 14 0 20 24 16 24 14 0 20 25 20 25 20 14 5 20 20 14 25 25 14 0 5 20 25 0 0 5 0 25 5 16 20 17 17 24 20 5 20 16 5 20 0 20 17 0 17 0 0 20 25 14 24 0 25 0 25 14 25 25 16 16 0 14 25 14 25 0 0 20 20 14 16 14 17 25 25 24 24 24 24 5 16 25 20 16 25 5 5 0 25 0 25 24 25 16 14 0 5 20 17 0 20 20 14 20 25 25 5 14 5 
13200
1 0 1 0 0 1 0 0 0 0 0 1 0 0 1 0 0 1 0 0 1 0 0 0 1 0 0 0 0 0 
20 11 20 17 14 5 14 24 2 17 11 14 14 20 0 14 17 0 0 0 2 11 11 2 24 20 2 24 24 24 11 11 20 11 20 20 5 24 11 14 0 14 24 2 24 14 24 20 11 14 11 14 14 5 20 20 17 11 11 20 0 24 20 11 0 11 24 0 11 24 20 20 0 0 5 20 24 20 2 24 20 0 20 17 2 17 0 0 20 24 2 24 0 11 0 11 20 2 11 14 14 0 17 11 2 11 0 11 14 14 14 2 0 11 11 11 24 24 5 24 17 14 11 20 14 2 24 24 11 11 0 11 24 24 14 20 11 24 20 17 0 14 20 14 20 11 11 5 0 17 
14501
1 0 1 0 0 1 0 0 0 0 0 1 0 0 1 0 0 1 0 0 1 0 0 0 1 0 0 0 0 0 
20 11 20 17 14 5 14 17 2 17 5 14 14 20 0 14 17 0 5 0 2 11 11 2 5 20 2 24 5 5 11 11 20 11 20 20 24 24 11 14 0 14 24 2 24 14 0 20 11 14 11 14 14 5 20 20 17 11 11 20 0 24 20 11 0 11 5 0 11 5 20 20 0 0 24 20 5 20 2 5 20 0 20 17 2 17 2 0 20 5 2 24 2 11 0 5 20 11 11 14 14 0 17 11 2 11 0 11 14 14 14 2 0 11 11 11 24 24 24 24 17 14 11 20 14 11 5 0 11 11 0 11 24 5 14 20 11 5 20 17 0 14 20 14 20 11 11 5 0 24 
15964
1 0 0 0 0 1 0 0 0 0 0 1 0 0 1 0 0 1 0 0 1 0 0 0 1 0 0 0 0 0 
20 11 20 14 20 5 0 24 0 17 24 20 20 20 11 14 17 0 11 5 0 11 0 17 5 20 0 24 24 24 24 11 20 11 20 20 5 24 11 17 0 14 24 11 24 14 11 20 5 14 24 14 14 5 20 20 14 0 11 14 0 5 14 5 0 11 24 0 24 24 20 20 11 0 24 20 24 20 5 24 20 0 20 17 0 0 0 11 20 11 0 24 0 11 11 24 14 24 11 20 20 5 17 11 0 11 11 11 14 20 14 14 14 11 11 17 24 5 5 5 11 17 11 20 14 11 5 24 0 24 0 11 24 24 20 14 17 5 14 17 0 20 20 14 14 11 11 5 0 5 
15238
1 0 1 0 0 1 0 0 1 0 0 1 0 0 1 0 0 1 0 1 1 1 0 0 1 0 0 0 0 0 
8 11 8 0 8 5 19 24 19 0 21 14 14 20 19 14 0 17 5 0 19 19 21 19 21 8 19 24 5 5 21 11 8 11 20 20 24 24 21 14 17 20 24 19 24 14 21 8 11 14 21 14 14 5 8 20 17 19 11 20 0 24 20 11 0 11 5 0 21 21 8 20 0 17 24 8 21 20 19 5 20 17 8 0 19 17 17 17 20 5 17 24 17 11 17 21 0 19 21 14 14 17 0 11 19 11 11 11 14 8 2 19 0 11 11 19 24 24 24 24 0 14 11 8 14 19 5 5 11 21 0 21 24 21 14 20 19 5 20 17 17 8 20 14 8 11 11 5 17 5 
13636
1 0 1 0 0 1 0 1 1 1 0 1 0 1 1 0 0 0 0 0 1 0 0 0 1 0 0 0 0 0 
13 11 13 14 8 5 2 9 8 0 9 8 8 0 2 14 14 0 5 24 2 7 9 7 9 8 2 24 5 9 11 5 13 11 20 13 24 24 11 14 0 14 24 8 24 14 2 13 11 8 9 14 14 5 13 13 14 7 7 0 0 5 20 11 0 11 9 0 9 9 13 13 5 0 24 8 9 20 2 9 13 7 13 0 7 0 2 7 20 5 2 24 7 11 7 9 2 7 11 8 8 7 0 11 2 11 7 11 8 14 14 8 2 11 11 9 24 24 24 24 5 8 11 13 8 7 5 9 7 5 0 7 24 9 8 14 7 5 20 0 0 8 20 14 8 11 11 5 2 5 
15715
1 0 1 0 0 1 0 0 1 0 0 0 0 1 1 0 0 1 0 0 1 0 0 0 1 1 0 0 0 1 
13 25 8 14 8 5 17 24 2 0 29 8 8 0 2 14 14 17 5 0 2 25 29 2 29 8 2 24 5 5 29 25 13 25 20 13 24 24 25 14 17 14 24 2 24 14 17 13 25 8 29 13 14 5 13 13 14 29 25 14 0 24 20 25 0 0 5 0 29 25 13 13 0 17 24 8 5 20 2 5 13 17 13 0 2 17 2 17 20 29 2 24 2 25 17 29 14 29 29 8 8 17 0 25 2 29 17 25 8 8 14 2 2 0 25 29 24 24 24 24 0 8 25 13 8 29 5 5 17 29 0 29 24 25 8 14 17 5 0 17 0 8 20 14 8 29 25 5 2 5 
17616
1 0 0 0 0 1 0 0 1 0 0 1 0 1 1 0 0 1 0 1 1 0 0 0 1 0 0 0 0 1 
13 11 13 14 8 5 19 24 8 17 29 8 8 20 19 14 17 17 29 5 19 0 29 19 29 8 19 24 24 24 29 11 13 29 20 13 5 24 19 14 0 14 24 8 5 14 19 13 0 8 0 19 14 5 13 13 17 0 0 17 0 5 20 11 11 11 24 0 0 29 13 13 11 17 5 8 29 20 19 24 13 5 13 17 19 17 17 11 20 29 14 24 19 0 11 29 14 0 29 8 8 19 17 11 19 29 0 11 8 14 14 8 17 11 11 0 24 5 5 24 5 8 11 13 8 0 5 24 0 29 17 0 24 29 8 14 0 11 20 17 0 8 20 14 8 0 11 5 17 5 
13167
1 0 0 0 0 1 0 0 1 0 0 1 0 0 1 0 0 1 0 0 1 0 0 0 1 0 0 0 0 0 
20 0 8 14 8 5 24 24 8 0 5 8 8 20 17 14 14 17 5 0 17 11 11 17 5 8 17 24 5 5 11 0 20 24 20 20 24 24 17 14 17 14 24 8 24 14 17 20 11 8 11 20 14 5 20 20 14 11 11 14 0 24 20 11 0 11 5 0 11 5 8 20 0 17 24 8 5 20 8 5 20 17 20 0 17 17 17 17 20 5 14 24 17 11 17 5 14 8 11 8 8 17 0 11 14 11 17 11 8 8 14 8 14 11 11 11 24 24 24 24 0 8 11 20 8 11 5 24 11 5 0 11 24 5 8 14 11 5 20 17 0 8 20 14 8 11 11 5 14 24 
12231
1 0 0 0 0 1 0 0 0 0 0 1 0 0 1 0 0 1 0 0 1 0 0 0 1 0 0 0 1 0 
20 11 28 14 28 5 14 24 28 0 5 28 28 20 17 14 14 17 11 0 14 17 5 17 5 20 17 24 5 11 5 11 28 11 20 20 24 24 17 14 17 14 24 28 24 14 11 20 11 28 5 28 14 5 20 20 14 5 17 0 0 24 20 11 11 11 24 0 5 5 28 20 11 0 24 28 5 20 28 24 20 17 20 0 17 0 17 17 20 5 14 24 17 11 17 5 14 5 5 28 28 17 0 11 14 5 17 11 28 28 14 28 0 11 11 5 24 24 24 24 0 28 11 20 28 17 5 24 17 11 0 17 24 11 28 14 17 5 20 17 0 28 20 14 20 5 11 5 14 24 
13449
1 0 0 0 0 1 0 0 1 0 0 0 0 0 1 0 0 1 0 0 1 0 0 0 1 1 0 0 0 0 
20 25 8 14 8 5 17 24 8 0 5 8 8 20 17 14 14 17 25 0 17 25 5 17 5 8 17 24 5 24 5 25 20 25 20 20 5 24 25 14 17 14 24 8 24 14 25 20 25 8 5 20 14 5 20 20 14 5 25 14 0 24 20 25 0 25 24 0 5 5 8 20 0 17 24 8 5 20 8 24 20 17 20 0 17 17 17 17 20 0 14 24 17 25 17 5 14 8 5 8 8 17 14 25 17 5 17 25 8 8 14 8 14 0 25 5 24 24 24 24 0 8 25 20 8 25 5 24 25 5 0 25 24 25 8 14 17 5 20 17 0 8 20 14 8 5 25 5 14 24 
15856
1 0 0 0 0 1 0 0 0 1 0 1 0 0 1 0 0 1 0 0 1 0 0 0 0 0 0 0 1 0 
20 0 28 14 28 5 14 9 28 17 9 28 28 20 14 14 17 0 5 17 14 11 11 14 9 20 14 5 9 9 11 0 28 0 20 20 5 9 0 14 0 14 9 28 5 14 9 20 11 28 11 28 14 5 20 20 17 11 11 20 0 5 20 11 0 11 9 0 11 9 28 20 5 0 5 28 9 20 28 9 20 0 20 17 14 17 0 0 20 9 14 9 0 11 0 9 14 11 11 28 28 0 17 11 14 11 0 11 28 28 14 28 17 11 11 11 5 5 5 5 5 28 11 20 28 11 5 9 11 9 0 11 5 9 28 14 0 5 20 17 0 28 20 14 20 11 11 5 17 5 
14166
0 0 1 0 0 1 0 0 0 0 0 1 0 0 0 0 0 1 0 0 1 0 0 0 0 0 0 0 0 0 
20 11 20 17 20 5 2 5 2 17 11 20 20 20 2 17 17 17 11 17 2 2 11 2 11 20 2 5 5 5 11 11 20 11 20 20 5 5 2 17 17 17 5 2 5 17 2 20 11 20 11 2 17 5 20 20 17 2 11 17 17 5 20 11 11 11 5 17 2 11 20 20 11 17 5 20 5 20 2 5 20 17 20 17 2 17 2 11 20 11 2 5 2 11 5 11 2 2 11 2 2 2 17 11 2 11 2 11 17 17 17 2 2 11 11 2 5 5 5 5 5 20 11 20 20 2 5 5 11 11 17 11 5 11 20 17 2 5 20 17 17 20 20 17 17 11 11 5 2 5 
13797
1 0 0 0 0 1 0 0 0 0 0 1 0 0 1 0 0 1 0 0 1 0 0 0 0 0 0 0 0 0 
20 17 20 17 14 5 14 5 14 0 5 17 20 20 20 14 14 0 17 0 14 11 11 14 11 20 17 5 5 5 5 11 20 11 20 20 5 5 11 14 0 14 5 14 0 14 0 20 11 14 11 14 14 11 20 20 14 17 0 17 0 5 20 11 0 0 5 0 17 5 20 20 5 0 11 20 5 20 14 5 14 0 20 17 17 0 0 0 20 5 0 5 17 17 0 17 14 11 11 14 0 0 17 11 14 11 0 11 14 14 14 14 11 11 11 11 5 11 5 5 0 14 11 20 14 11 5 5 11 11 0 11 5 5 14 14 0 5 20 17 0 14 20 14 20 11 11 5 0 5 
14736
1 0 0 0 0 1 0 0 0 0 0 1 0 0 1 0 0 1 0 0 1 0 0 0 0 0 0 0 0 0 
20 0 20 14 20 5 0 5 20 11 0 20 17 20 17 14 14 17 0 0 0 17 5 14 0 20 17 5 5 11 0 0 20 0 20 20 11 5 17 14 17 14 17 14 5 14 17 20 0 14 11 14 14 5 20 20 0 11 17 14 0 5 20 11 0 0 5 0 5 5 14 20 5 17 5 20 5 20 17 5 20 0 20 17 17 17 17 17 20 17 17 5 17 5 17 0 14 17 5 20 20 17 14 0 14 0 14 0 0 14 14 17 14 11 0 0 5 5 5 5 5 20 5 20 20 17 5 11 0 17 0 17 5 0 14 14 17 5 20 17 0 20 20 14 14 0 0 5 14 5 
16335
0 0 0 0 0 0 0 0 0 0 0 1 0 1 1 0 0 1 0 0 1 0 0 0 1 0 0 0 0 0 
20 11 20 14 20 17 14 24 20 17 11 20 20 20 14 14 14 17 17 17 14 11 11 14 24 20 14 24 24 24 11 11 20 11 20 20 24 24 11 14 17 14 24 20 24 14 11 20 11 14 11 14 14 17 20 20 14 11 11 17 17 24 13 11 17 11 24 17 11 24 20 20 17 17 24 20 24 20 14 24 20 17 20 17 14 17 17 17 20 24 14 24 14 11 17 11 14 11 11 20 20 14 17 11 14 11 11 11 14 14 14 14 17 11 11 11 24 24 24 24 17 20 11 20 20 11 24 24 11 11 17 11 24 24 20 14 11 24 13 17 17 20 20 14 17 11 11 17 17 24 
7243
1 0 1 1 0 1 1 0 1 0 
5 6 0 6 2 5 5 3 5 8 5 6 2 6 2 2 5 8 0 6 6 6 6 6 5 5 5 6 0 5 8 0 0 0 3 2 2 6 6 2 2 3 3 8 3 5 0 5 5 6 6 6 6 6 2 3 2 5 8 8 3 0 6 5 0 6 6 6 5 5 0 0 6 0 3 2 2 2 2 5 5 2 2 6 2 2 2 2 2 2 
6236
1 1 0 0 0 0 0 0 0 0 0 1 0 0 1 0 0 0 0 1 
11 14 11 14 0 19 0 11 11 1 11 19 19 19 19 0 0 11 14 14 11 11 11 19 19 19 11 11 1 11 0 19 19 19 14 19 19 0 0 0 0 11 11 0 11 14 19 19 0 19 1 1 1 1 11 11 11 14 14 14 11 11 11 11 11 11 0 0 19 19 19 0 19 19 19 19 19 19 19 19 
5906
0 0 0 0 0 1 1 0 1 0 0 0 0 0 0 0 0 1 0 0 0 0 0 1 0 0 0 0 0 0 
6 8 6 5 23 17 23 17 6 5 5 23 23 17 6 6 8 6 6 23 23 17 8 8 17 23 5 6 6 6 5 23 23 23 17 17 23 6 6 6 6 6 5 23 5 23 17 17 17 6 8 23 17 6 6 6 8 8 23 5 5 6 23 5 5 5 23 23 5 5 
8095
1 1 1 1 0 1 1 0 1 1 
3 5 3 3 3 5 5 3 6 0 0 0 0 0 0 0 1 1 1 1 6 1 6 2 2 2 2 2 2 2 2 3 3 3 3 3 3 3 3 3 3 0 1 1 8 8 6 5 9 3 6 6 5 5 8 8 6 3 9 5 5 5 9 3 6 6 6 8 6 5 6 9 9 5 6 8 6 6 5 2 5 9 9 9 8 9 6 5 6 5 
6771
1 0 0 1 1 1 0 0 0 0 0 0 0 1 0 1 0 0 0 0 
0 0 0 0 0 0 0 15 15 15 15 15 15 15 15 3 3 3 3 3 3 4 4 4 4 4 4 4 4 5 5 5 5 5 5 5 5 5 0 0 3 3 3 3 15 5 15 13 15 5 13 13 3 13 13 0 5 15 3 3 3 3 15 13 15 13 13 3 13 3 15 3 13 13 5 13 13 3 3 13 
6171
1 1 0 1 0 0 1 0 0 1 0 0 1 0 0 0 0 0 0 0 0 0 0 0 0 0 0 1 1 0 
0 0 0 0 0 0 0 3 3 1 3 1 1 1 1 3 3 3 3 3 3 6 6 6 6 6 6 9 9 9 9 27 9 9 0 3 3 27 3 28 28 12 3 28 3 3 3 27 27 28 0 27 27 0 3 27 27 28 12 3 12 12 28 28 27 27 27 27 3 12 
7646
1 1 1 0 0 1 1 1 1 1 
0 0 0 0 0 0 0 0 0 0 2 1 1 1 1 2 1 6 6 2 2 2 2 2 2 2 2 2 2 2 2 2 2 2 2 5 5 6 6 5 5 6 6 6 6 6 6 5 5 5 5 5 5 5 5 6 5 6 6 6 5 6 7 7 5 7 6 0 7 7 7 7 7 8 8 8 8 6 2 6 6 2 9 9 9 8 9 2 2 9 
6524
0 1 1 0 0 0 1 0 1 0 0 0 0 1 1 0 0 1 0 0 
1 17 1 1 1 1 1 1 1 2 2 2 2 2 2 6 6 6 6 6 6 6 6 6 6 6 6 6 6 6 6 8 8 8 8 8 8 8 8 8 6 6 13 13 13 13 13 13 13 17 13 13 17 13 13 14 14 13 14 13 17 14 14 14 14 17 17 17 17 17 17 17 17 2 17 17 2 17 17 2 
6128
0 0 1 0 0 0 0 0 0 1 0 0 0 1 0 0 0 0 0 0 1 0 0 1 0 0 0 0 1 0 
2 2 2 2 2 2 2 2 2 2 2 2 2 13 13 2 13 2 2 2 9 2 9 9 9 9 9 13 13 13 13 13 13 13 13 13 20 20 13 20 13 20 13 20 13 13 13 13 23 20 23 20 2 23 23 23 23 20 20 20 20 20 2 2 23 28 28 28 28 28 
10258
1 1 0 1 0 1 1 1 0 1 
3 0 3 0 6 1 5 5 3 5 5 3 9 6 6 9 5 5 5 3 0 6 6 6 0 3 3 3 3 3 3 7 3 3 3 5 1 6 0 3 0 9 6 9 5 5 5 5 7 3 3 3 1 0 0 0 6 0 6 9 9 5 7 7 7 7 6 6 3 3 3 0 0 0 0 3 3 3 3 3 3 5 5 5 6 7 6 3 1 5 9 1 9 5 1 1 1 1 1 9 
8457
0 1 0 0 0 1 0 0 0 0 1 0 0 1 1 1 0 0 1 0 
1 13 10 10 18 13 1 5 15 1 5 14 13 18 10 13 5 5 5 15 14 10 10 10 14 14 1 14 10 15 1 15 15 15 15 5 13 18 10 14 10 13 18 13 5 5 5 5 5 5 15 1 14 14 14 10 10 5 18 13 13 5 1 5 15 15 10 15 1 1 15 10 10 10 10 10 10 15 15 14 15 5 5 13 18 18 10 1 13 1 13 13 13 13 13 13 13 13 13 13 
11810
0 0 0 1 1 1 1 1 1 1 
7 7 7 7 7 7 7 7 3 3 4 3 3 3 3 4 4 5 8 3 8 5 5 3 5 4 5 5 9 9 5 9 9 5 6 6 6 6 6 6 6 6 6 6 7 7 3 8 8 6 8 3 7 7 7 3 3 3 3 7 7 9 6 3 7 3 9 7 7 7 6 6 7 3 4 5 5 4 4 9 7 7 3 8 9 3 3 7 5 9 9 9 9 6 9 6 3 7 3 7 
10787
0 1 0 0 0 1 0 1 0 1 0 0 1 1 0 1 0 0 1 0 
5 5 5 5 5 5 5 5 7 7 7 7 7 7 7 7 7 12 13 15 12 13 13 12 12 18 18 9 9 9 9 9 9 9 18 18 18 18 18 18 18 5 18 5 5 5 7 12 12 15 15 1 1 5 7 15 12 13 1 7 7 15 15 15 1 15 15 7 7 7 9 5 7 1 13 13 13 7 7 15 15 1 1 15 15 7 1 7 13 1 15 15 15 15 15 15 13 1 1 7 
10305
1 0 1 1 1 0 1 0 1 1 
2 2 2 2 2 2 2 2 2 2 2 2 2 2 2 2 2 2 2 3 3 3 3 3 3 3 3 3 3 3 3 3 3 3 3 3 3 4 4 8 8 3 8 8 8 6 8 8 8 8 3 8 6 6 6 6 6 6 6 6 0 0 6 0 0 0 0 6 0 4 4 0 0 4 2 0 0 0 0 0 4 4 4 4 4 0 4 4 9 0 9 4 4 9 9 9 4 9 9 9 
8586
0 0 1 0 0 0 1 1 1 0 0 0 1 1 0 0 0 0 1 0 
18 18 8 8 8 18 18 8 8 8 8 8 2 8 2 2 6 2 2 12 12 12 12 12 6 12 12 6 12 6 6 6 6 6 6 6 6 6 6 7 7 7 7 7 7 7 7 7 7 7 7 7 7 2 7 7 7 7 7 7 7 7 13 7 7 7 7 7 7 13 13 7 13 13 18 13 13 13 13 13 13 18 18 18 18 18 18 18 18 18 18 18 18 18 18 18 18 18 18 18 
22665
1 0 1 1 1 1 0 1 1 0 1 0 1 0 1 0 0 0 0 1 0 1 1 0 0 1 0 1 1 0 
22 19 2 27 2 12 21 27 22 28 4 28 3 3 28 7 3 10 22 27 27 21 5 0 10 27 27 19 4 21 19 19 4 21 27 12 8 8 22 21 7 8 12 4 8 19 3 21 19 14 27 22 2 21 8 12 25 14 22 7 4 0 7 8 3 25 5 14 28 25 7 12 19 8 5 5 8 5 8 22 10 0 14 7 4 10 19 2 27 7 28 19 7 25 2 3 28 12 0 28 28 22 25 7 4 0 4 22 22 3 19 4 27 12 25 8 28 7 14 8 14 25 28 19 14 22 2 12 14 0 28 21 25 10 5 8 3 3 28 10 25 27 12 25 25 5 22 21 27 25 0 0 5 0 3 28 2 22 3 3 3 27 10 2 5 27 5 4 3 21 5 8 19 10 4 2 0 10 4 10 5 21 2 19 25 8 28 5 0 21 2 21 12 4 7 12 7 21 10 19 
28433
1 0 1 1 0 0 0 0 1 0 1 0 1 0 1 0 1 0 1 1 0 0 0 1 1 1 0 1 1 1 
18 19 2 27 2 12 16 27 18 28 29 28 10 3 28 18 3 10 16 27 27 16 23 24 10 27 27 19 29 2 19 19 29 16 27 14 8 8 24 16 18 8 14 29 8 19 3 2 19 23 24 16 24 16 8 12 25 14 18 25 29 0 18 8 3 12 0 23 28 25 18 12 19 8 23 23 8 23 8 16 10 0 14 25 29 3 19 2 27 25 28 19 25 25 2 3 28 12 0 28 28 16 12 18 29 0 29 24 16 3 19 29 27 12 12 8 28 25 0 8 14 25 28 19 14 16 2 18 14 0 28 24 25 10 23 8 3 3 28 10 12 27 14 25 25 2 24 16 27 25 24 0 10 0 3 28 2 16 3 3 3 27 10 24 23 27 23 29 3 16 23 8 19 23 29 2 0 10 29 10 2 16 24 19 12 8 28 10 0 2 2 2 14 29 18 12 18 14 10 19 
39841
1 1 0 0 0 1 1 1 1 0 1 0 0 0 1 0 1 0 0 0 0 1 0 0 1 1 1 1 1 1 
7 26 21 27 21 6 21 27 16 28 29 28 10 1 28 7 1 10 16 27 27 16 5 24 10 27 27 14 29 16 26 26 29 16 27 6 8 8 24 16 7 8 6 29 8 26 1 21 14 14 24 16 24 21 8 6 7 26 7 25 29 0 7 8 1 25 5 14 28 25 7 6 26 8 5 1 8 5 8 16 10 0 26 25 29 10 26 5 27 25 28 26 25 25 5 1 28 6 0 28 14 16 25 7 29 0 29 24 16 1 14 29 27 6 6 8 28 25 14 8 14 25 0 26 26 16 21 7 26 0 28 24 25 10 5 14 1 1 28 10 6 27 28 25 25 5 24 21 27 25 24 0 5 0 8 28 5 16 1 1 1 27 10 24 5 27 5 29 1 21 1 8 14 14 29 0 0 10 29 10 5 21 24 28 6 8 28 1 0 21 21 21 26 29 7 6 7 21 10 14 
29694
0 0 1 0 1 0 1 0 0 0 1 0 1 1 0 0 0 1 1 1 1 1 0 1 1 1 0 1 1 0 
18 19 2 27 2 12 21 27 27 28 4 28 10 13 28 18 13 10 27 17 18 21 23 24 10 18 27 19 4 2 19 19 4 21 27 6 20 20 24 21 18 13 6 4 13 19 13 2 19 17 24 21 24 21 20 12 18 13 18 25 4 17 25 20 20 12 23 17 28 25 18 12 19 20 23 23 20 23 20 21 10 17 6 25 4 10 19 2 27 25 28 19 25 25 2 13 27 12 17 28 28 21 12 18 4 21 4 24 27 13 19 4 18 12 12 20 28 25 17 20 13 25 28 19 6 21 2 6 6 17 28 24 25 10 23 20 13 13 28 10 12 27 6 25 25 2 24 21 18 25 24 17 23 17 20 28 2 21 13 13 23 27 10 24 23 27 23 4 13 21 23 20 19 17 4 2 27 10 4 10 2 21 24 28 12 13 28 23 17 2 2 2 6 4 6 12 6 21 10 19 
24533
0 0 0 0 1 1 0 1 1 0 0 1 0 1 0 0 1 1 0 1 0 1 0 0 0 0 0 1 0 0 
7 19 21 27 21 11 21 27 16 17 4 17 13 13 19 7 13 8 16 17 27 21 5 27 13 27 27 17 4 5 19 4 4 21 27 19 8 8 27 16 7 8 19 4 8 4 8 21 19 19 27 16 21 21 8 19 7 8 16 7 4 17 7 8 8 11 5 17 19 11 7 11 19 8 5 5 8 5 8 16 13 17 19 7 4 13 4 5 27 7 17 19 7 7 5 13 11 11 17 17 17 16 11 7 4 19 4 27 16 13 19 4 27 11 11 8 11 7 17 8 19 7 17 4 19 16 21 11 4 17 11 21 7 8 5 8 13 13 17 17 11 27 11 7 7 5 19 21 27 7 27 17 5 17 8 11 5 16 8 13 13 27 13 21 5 27 5 4 13 21 5 8 17 13 4 5 27 13 4 13 5 21 21 19 11 8 11 5 17 21 5 21 19 4 7 19 7 21 13 19 
28241
0 0 1 0 1 0 1 0 1 0 0 0 0 1 0 0 1 1 1 0 0 0 0 1 0 1 0 1 0 0 
18 6 16 27 2 18 2 27 18 17 4 17 23 13 6 18 13 8 2 17 27 16 2 16 23 27 27 17 4 2 6 4 4 16 27 6 8 8 27 16 18 8 6 4 8 4 8 16 4 18 27 16 16 16 8 6 25 8 18 25 4 17 25 8 8 25 23 17 6 25 18 6 6 8 23 23 8 23 8 16 23 17 13 25 4 8 6 2 27 25 17 6 25 25 2 13 27 6 17 17 17 2 25 18 4 2 4 27 18 13 4 4 27 6 25 8 18 25 17 8 13 25 17 6 4 16 2 25 4 17 27 16 25 8 23 8 13 13 17 17 6 27 6 25 25 23 16 16 27 25 27 17 23 17 8 18 2 16 8 13 23 27 23 16 23 27 23 4 13 16 2 8 17 2 4 2 27 23 4 23 2 16 16 6 25 8 18 23 17 16 2 16 6 4 18 6 18 2 23 6 
36170
1 0 1 1 1 0 0 1 0 1 0 0 1 0 1 0 1 0 0 0 0 0 1 0 0 0 0 0 1 0 
7 28 2 22 2 12 16 28 22 28 4 28 3 3 28 7 3 3 22 0 22 22 2 0 14 22 22 28 4 2 4 4 4 16 28 12 9 9 22 16 7 9 12 4 9 4 3 2 28 14 0 22 2 16 9 12 7 9 22 7 4 0 7 9 3 12 2 28 28 12 7 12 4 9 14 3 9 14 9 22 3 0 9 7 4 3 4 2 22 7 28 4 7 7 0 3 28 12 0 28 28 16 12 7 4 0 4 22 22 3 14 4 22 12 12 9 28 7 0 9 9 7 0 4 9 16 2 12 9 0 28 2 7 14 3 9 3 3 28 14 12 22 12 7 7 2 22 16 22 7 22 0 14 0 3 28 2 16 3 3 3 0 3 0 2 14 14 4 3 2 14 9 28 14 9 0 0 14 4 14 2 2 2 28 12 9 28 3 0 2 2 2 12 4 7 12 7 2 14 28 
27764
0 0 1 0 1 0 1 0 0 0 0 0 0 1 0 0 1 0 1 0 1 0 0 1 1 1 0 0 1 0 
18 28 2 24 2 6 16 28 18 28 4 28 13 23 28 18 23 13 16 24 18 24 23 24 13 18 24 28 4 2 6 4 4 24 18 6 20 20 24 16 18 6 6 4 20 4 13 2 6 20 24 24 2 24 20 6 25 6 18 25 4 24 25 20 13 25 23 23 28 25 18 6 6 20 23 13 13 23 20 24 13 23 6 25 4 13 4 2 24 25 28 6 25 25 2 13 28 6 23 28 28 16 25 18 4 24 4 24 18 13 6 4 18 6 25 20 28 25 23 20 6 25 28 4 6 16 2 28 4 23 28 24 25 13 13 20 23 13 28 20 25 18 28 25 25 2 24 16 18 25 24 23 13 23 13 28 2 16 13 13 13 24 13 2 23 18 23 4 23 2 23 20 28 20 4 2 24 20 4 20 2 16 2 28 25 20 28 13 24 2 2 2 6 4 18 6 18 16 20 6 
25938
0 0 0 0 1 0 1 1 1 0 0 0 0 0 0 0 0 1 0 0 0 1 0 1 0 0 0 1 0 0 
27 4 21 27 21 6 21 27 27 17 4 17 23 8 17 27 8 23 27 17 27 21 23 27 23 27 27 17 4 21 4 4 4 21 27 6 8 8 27 21 7 8 6 4 8 4 8 21 4 17 27 21 21 21 8 6 7 8 7 7 4 17 7 8 8 7 23 17 6 7 7 6 4 8 23 23 23 23 8 27 23 17 8 7 4 23 4 6 27 7 17 4 7 7 8 8 27 6 17 17 17 21 7 7 4 17 4 27 27 8 4 4 27 6 7 8 17 7 17 8 8 7 17 4 4 21 21 7 4 17 27 21 7 23 23 8 8 8 17 17 6 27 6 7 7 23 27 21 27 7 27 17 23 17 8 7 21 21 8 8 23 27 23 21 23 27 23 4 8 21 23 8 17 17 4 21 17 23 4 23 6 21 21 6 6 8 6 23 17 21 21 21 4 4 7 6 7 21 23 4 
28598
0 0 1 0 1 0 0 0 1 0 1 0 0 0 0 0 1 0 1 0 0 0 0 0 0 1 0 0 1 0 
18 4 16 18 2 25 16 18 18 18 4 28 10 8 28 25 8 10 18 2 18 16 2 16 10 18 18 28 4 2 4 4 4 16 18 4 10 8 16 16 18 8 28 4 8 4 8 16 28 10 16 16 16 16 8 28 25 8 18 25 4 2 25 8 10 25 2 8 28 25 18 25 4 8 10 10 10 10 8 16 10 2 8 25 4 10 4 2 18 25 28 4 25 25 2 8 18 28 2 28 28 2 25 18 4 2 4 16 18 8 4 4 18 28 25 8 28 25 8 8 8 25 28 4 4 16 2 25 4 2 18 16 25 10 8 8 8 8 28 10 25 18 28 25 25 2 16 16 18 25 16 2 10 2 8 18 2 16 8 8 10 18 10 16 10 18 2 4 8 16 28 10 28 10 4 2 2 10 4 10 2 16 16 28 25 8 28 10 2 16 2 16 4 4 25 28 18 2 10 4 
35160
0 0 0 1 1 0 0 1 0 0 1 0 1 0 0 0 0 1 0 0 0 1 0 0 0 0 0 1 0 0 
7 4 21 27 21 12 21 27 27 17 4 17 3 3 17 7 3 3 27 17 7 21 10 27 10 7 27 17 4 21 4 4 4 21 27 4 10 3 27 21 7 10 12 4 3 4 3 21 12 17 27 21 21 21 3 12 7 12 7 7 4 17 7 3 3 7 10 17 12 7 7 12 4 10 10 3 3 10 3 27 3 17 12 7 4 3 4 10 27 7 17 4 7 7 10 3 7 12 17 17 17 21 7 7 4 17 4 27 27 3 4 4 27 12 12 3 17 7 17 3 10 7 17 4 4 21 21 12 4 17 27 27 7 10 3 10 3 3 17 17 12 27 12 7 7 10 27 21 27 7 27 17 10 17 3 27 21 21 3 3 3 27 10 27 10 27 10 4 3 21 10 3 17 17 4 21 17 10 4 10 21 21 21 12 12 10 21 3 17 21 21 21 4 4 7 12 7 21 10 4 
27858
0 0 1 0 1 0 1 0 0 0 0 0 0 1 1 0 1 0 1 0 0 0 0 1 1 1 0 0 1 0 
18 6 2 24 2 6 2 18 14 28 4 28 23 13 28 18 13 13 18 28 18 24 14 24 23 18 18 28 4 2 6 6 4 16 18 6 13 14 24 16 18 14 6 4 14 4 13 2 28 14 24 16 24 24 13 6 25 14 18 25 4 2 25 13 13 25 2 14 28 25 18 25 6 14 23 23 13 23 13 24 23 14 14 25 4 23 6 2 18 25 28 6 25 25 2 13 18 6 2 28 28 16 25 18 4 24 4 24 16 13 4 4 18 6 6 13 28 25 14 13 4 25 28 6 4 16 2 25 4 28 28 24 25 13 23 14 14 13 28 14 28 18 28 25 25 2 24 16 18 25 24 14 23 14 13 28 2 16 13 13 23 28 23 24 23 18 23 4 13 2 14 13 28 13 4 2 24 23 4 23 2 2 24 6 6 14 28 23 28 24 2 2 6 4 25 6 16 2 23 6 
24741
0 0 1 0 0 0 0 1 0 0 1 0 1 1 0 1 0 1 0 1 1 0 0 0 0 0 0 1 0 1 
7 19 2 27 2 12 15 12 27 17 29 19 10 13 19 7 13 10 27 17 7 15 15 27 10 7 27 19 29 2 19 19 29 15 27 29 20 20 27 15 7 20 19 29 20 19 20 2 19 20 27 15 2 15 20 12 7 20 7 7 29 17 7 20 20 12 13 19 19 7 7 12 19 20 10 13 10 13 20 27 10 17 20 7 29 10 19 2 27 7 17 19 7 7 2 13 12 12 17 17 17 15 12 7 29 27 29 27 27 13 19 29 27 12 12 20 12 7 17 20 20 7 17 19 29 15 2 12 19 17 12 27 7 10 13 20 13 13 17 10 12 27 12 7 7 2 27 15 27 7 27 17 10 17 20 12 2 15 20 20 13 27 10 2 13 27 13 29 13 2 13 20 19 10 29 2 27 10 29 10 2 15 2 19 12 20 12 10 17 2 2 2 19 29 7 12 7 15 10 19 
28190
0 0 0 0 1 1 0 0 1 0 0 0 1 0 0 0 1 1 1 1 0 0 0 1 0 1 0 1 0 0 
18 19 16 27 5 12 16 27 27 27 4 19 23 5 19 18 5 8 27 27 18 16 5 27 23 18 27 19 4 5 19 19 19 16 27 12 8 8 27 16 18 8 12 4 8 19 8 16 19 17 27 16 16 16 8 12 18 8 18 18 4 17 18 8 8 12 5 19 19 12 18 12 19 8 23 23 8 23 8 16 23 17 8 25 4 8 19 5 27 18 17 19 25 25 5 5 27 12 17 17 19 5 12 18 4 27 4 27 25 5 19 4 18 12 12 8 25 18 17 8 8 25 17 19 4 16 5 12 19 17 27 16 12 8 23 8 5 8 17 17 12 27 12 12 25 5 27 16 18 25 27 17 23 27 8 25 5 16 8 8 5 27 23 16 23 27 5 4 5 16 5 8 19 17 4 5 27 5 4 8 5 16 16 19 12 8 25 23 27 16 5 16 12 4 25 12 25 5 23 19 
35816
1 0 0 1 0 0 0 1 1 0 1 1 0 0 0 0 1 0 0 1 0 1 0 0 0 0 0 0 0 1 
7 19 21 16 21 11 21 11 16 0 29 19 8 3 11 7 3 8 16 0 7 21 3 0 10 7 16 19 29 21 19 19 29 21 19 19 8 8 16 21 7 8 19 29 8 19 8 21 19 10 0 16 21 21 8 19 7 8 7 7 29 0 7 8 8 11 0 10 11 7 7 11 19 8 10 10 8 0 8 16 10 0 8 7 29 8 29 16 16 7 11 19 7 7 0 3 11 11 0 11 19 21 11 7 29 0 29 16 16 3 19 29 16 11 11 8 11 7 0 8 8 7 0 19 29 16 21 11 19 0 11 21 7 8 10 8 3 8 11 10 11 16 11 7 7 0 16 21 16 7 0 0 10 0 8 11 21 16 8 8 10 0 10 21 10 16 3 29 3 21 3 8 19 10 29 21 0 10 29 10 16 21 21 11 11 8 11 10 0 21 21 21 19 29 7 11 7 21 10 19 
28085
0 0 1 0 1 0 1 0 0 0 0 0 0 1 0 0 1 1 1 1 1 0 0 1 1 1 0 0 1 0 
18 19 2 24 2 6 16 28 18 28 4 19 20 13 19 18 13 20 16 17 18 24 23 24 23 18 24 19 4 2 19 19 4 24 18 6 20 13 24 16 18 13 19 4 13 19 13 2 19 17 24 24 2 24 20 6 25 13 18 25 4 17 25 20 20 25 23 19 19 25 18 6 19 13 23 23 20 23 20 24 23 17 6 25 4 20 19 2 24 25 28 19 25 25 2 13 28 6 17 28 28 16 25 18 4 24 4 24 16 13 19 4 18 6 6 20 28 25 17 20 6 25 28 19 4 16 2 6 19 17 28 24 25 20 23 13 13 13 28 17 6 18 28 25 25 2 24 16 18 25 24 17 23 17 20 28 2 16 13 13 23 24 20 2 23 18 23 4 13 2 13 20 19 17 4 2 17 20 4 20 2 16 2 19 25 13 28 23 17 2 2 2 19 4 16 6 18 13 20 19 
